|            Size             |           tLMaxI            |           tLMaxT            |           tBMaxI            |           tBMaxT            |
------------------------------------------------------------------------------------------------------------------------------------------------------
|          26843545           |          26843545           |          7,0111 ms          |             25              |         11,7000 us          |
|          53687090           |          53687090           |         13,9939 ms          |             26              |          0,1100 us          |
|          80530635           |          80530635           |         18,1097 ms          |             27              |          0,0900 us          |
|          107374180          |          107374180          |         25,1832 ms          |             27              |          0,1000 us          |
|          134217725          |          134217725          |         29,5657 ms          |             27              |          0,1000 us          |
|          161061270          |          161061270          |         37,0350 ms          |             28              |          0,2600 us          |
|          187904815          |          187904815          |         44,9269 ms          |             28              |          0,1500 us          |
|          214748360          |          214748360          |         53,7946 ms          |             28              |          0,1100 us          |
|          241591905          |          241591905          |         55,4798 ms          |             28              |          0,1100 us          |
|          268435450          |          268435450          |         63,3537 ms          |             28              |          0,1300 us          |
------------------------------------------------------------------------------------------------------------------------------------------------------